-3.455085415948690453e-01
3.877152620091194879e-01
1.042943331062881340e-01
-2.715753857196216980e-01
5.540857005731343321e-01
-3.757684537385501122e-01
2.739952195610896313e-01
3.663963461958691381e-01
-2.808478821314964735e-01
1.547192490316686431e-01
4.294224338982837730e-01
-4.203509387537365805e-01
-3.167340145884512959e-01
4.494717854062602741e-02
4.846188904419230781e-01
-2.967496072046135192e-01
-2.904416941459688206e-01
-2.816104537568028254e-01
-3.967660453905306195e-01
-1.713297354345078016e-02
