1.599056980646867410e-01
2.693607318361747605e-01
1.374552162816803647e-01
3.000907216423812085e-01
8.491022162697710318e-02
5.246342488582819152e-01
3.536985516777914618e-01
7.560445319043667123e-01
7.451483689116520370e-01
1.937416150639977019e-01
5.429395118977906609e-01
9.829198995733329225e-01
9.607286029060264632e-01
3.001350483362778543e-01
7.964294052366651666e-01
-1.930258056650174109e-02
1.063118177342875642e-01
9.002661205508423192e-01
5.520139925512572709e-01
1.347397785322647923e-01
5.484897334818741310e-01
1.014648977533236129e+00
4.377103546594111050e-01
7.796884910864826379e-01
6.583653468873054138e-01
5.742907654287824348e-01
4.256119419404071902e-01
-3.490065010083655272e-02
7.418352825110288151e-01
2.667168711743082010e-01
3.001963999730131727e-01
2.879396482819197578e-01
3.491163571358905093e-01
3.116606561424030697e-01
8.889285724453708237e-01
8.800911660776372658e-01
3.171608880536192498e-01
6.887409727290747519e-01
2.212123988945586539e-01
1.208467807545474670e-01
2.086489549804078636e-01
1.189683452011165016e-01
7.354276054756778702e-01
1.312059142814224200e-01
7.314662695591594987e-01
4.880619686698640658e-01
3.151823718791606499e-01
3.657193624756691075e-01
6.859447600487372787e-01
7.126450838587123915e-01
